649
998
774
740
1020
894
145
337
76
257
485
414
189
568
135
363
819
725
547
918
539
523
821
906
181
707
1
595
38
679
380
670
899
924
518
487
927
248
279
581
792
196
186
850
915
79
959
985
675
30
680
930
238
737
300
600
840
970
934
281
184
619
246
444
350
37
887
97
659
209
779
653
1007
944
534
241
536
144
174
94
118
9
836
966
389
148
77
1009
730
6
795
451
147
80
364
353
156
526
486
163
611
958
10
785
513
127
165
222
271
995
336
1024
542
798
735
657
748
724
630
808
45
128
694
3
219
884
99
166
520
339
999
96
901
497
799
744
123
767
276
259
82
1012
318
425
790
24
607
52
722
291
14
862
504
288
837
938
804
644
674
408
953
910
467
162
545
320
541
931
158
871
412
556
655
935
571
54
963
335
997
102
844
616
559
177
663
849
345
447
671
338
669
191
190
84
150
817
21
359
770
493
372
204
805
656
297
727
60
761
430
612
423
481
264
5
112
517
88
81
149
639
728
544
889
751
1021
391
113
250
315
329
152
703
681
516
721
652
182
421
142
636
632
1011
646
500
367
302
839
274
847
594
729
362
625
23
967
587
375
126
442
592
726
699
11
72
602
557
260
865
445
1005
390
403
601
920
495
473
978
711
993
514
866
689
237
309
221
613
479
171
435
220
374
950
974
691
696
230
717
334
270
878
874
917
781
239
621
746
638
510
287
89
697
249
991
754
765
175
926
450
242
471
546
225
436
700
614
558
870
377
8
957
64
419
119
778
872
313
876
20
176
710
796
940
968
677
295
933
937
74
18
758
269
975
93
231
201
505
618
280
202
803
326
575
480
628
469
640
282
823
701
777
535
484
29
268
139
188
627
687
891
143
955
278
806
786
716
49
943
243
690
704
994
439
714
427
912
1002
218
598
1022
753
491
185
106
138
772
266
267
749
570
989
454
848
666
388
234
586
212
132
73
815
67
693
141
233
28
827
566
47
637
877
506
553
151
984
1001
462
456
328
1013
0
988
684
683
228
261
75
488
929
130
745
43
100
351
797
343
741
525
1023
378
283
251
192
400
962
951
800
706
565
321
667
609
960
36
932
682
358
406
834
319
1008
972
771
982
360
622
531
550
214
256
909
2
115
121
273
323
908
229
766
449
478
731
434
881
949
702
111
164
131
169
117
383
886
567
386
385
482
85
662
373
603
810
187
830
443
1004
40
791
676
738
913
90
356
69
879
857
846
86
48
424
686
365
883
240
624
631
4
387
888
357
831
32
285
775
16
355
103
101
470
780
976
654
845
78
110
58
59
713
41
459
476
551
409
987
194
521
936
643
369
548
277
648
623
440
1010
954
825
515
569
868
136
769
198
641
402
572
914
743
172
472
561
880
247
585
875
381
996
483
709
990
620
835
153
465
208
341
432
841
822
718
366
635
952
22
532
783
678
474
489
352
371
252
928
892
413
965
818
583
705
108
969
105
433
405
475
327
448
939
608
420
431
299
392
33
306
494
1014
62
316
668
438
197
809
87
441
461
973
801
1019
787
83
573
232
290
562
429
7
275
812
460
903
161
61
759
63
589
524
529
902
538
324
739
1006
789
826
867
564
312
200
401
977
235
584
183
593
354
253
17
723
193
303
860
27
210
71
503
660
314
39
519
715
284
588
463
35
773
604
416
948
207
820
160
227
776
349
216
599
509
756
395
923
104
140
13
411
916
540
851
468
422
399
53
580
361
455
511
263
527
971
120
1017
167
397
333
501
51
170
457
964
788
298
317
842
199
986
217
983
760
418
272
642
50
396
342
617
262
956
961
552
685
340
900
861
528
647
133
858
223
310
42
708
346
947
452
560
265
832
768
688
244
658
376
203
125
213
695
417
673
606
307
757
304
382
1003
645
66
605
332
764
25
833
245
750
255
522
979
895
178
1018
869
12
543
742
384
736
864
347
289
331
555
154
65
114
466
698
921
415
533
843
330
530
311
672
752
134
925
428
813
732
15
650
348
404
838
446
437
508
159
92
168
854
502
496
577
896
1015
254
633
393
477
762
68
398
57
226
597
591
665
712
370
882
829
629
173
146
205
258
563
784
651
615
107
661
747
537
596
664
464
46
458
911
922
897
1016
610
322
576
905
720
236
26
124
941
453
122
155
19
590
31
811
56
292
942
554
492
893
549
574
206
919
634
137
626
719
907
129
286
394
490
293
499
579
1000
824
157
853
807
195
873
852
885
224
898
992
507
296
95
379
410
116
802
863
301
305
734
344
98
211
945
890
426
980
578
794
44
582
294
859
816
34
498
325
512
814
981
368
782
407
692
946
179
793
855
904
856
308
828
763
91
215
733
180
755
109
70
