891
801
948
666
722
417
52
60
268
368
367
53
330
338
774
884
964
74
223
109
63
48
1006
867
991
949
0
120
250
163
729
957
619
247
456
872
583
967
720
705
723
779
483
159
899
325
249
110
361
385
1010
966
275
587
405
736
431
11
1019
313
59
533
658
542
62
134
149
238
930
205
911
636
153
495
951
978
206
217
308
468
335
273
496
755
454
734
881
657
735
523
484
482
350
132
758
501
772
305
383
379
756
693
202
814
236
647
845
302
156
852
839
721
168
411
895
176
528
712
738
102
648
374
853
781
983
530
224
570
8
197
354
989
601
320
289
315
114
1014
780
476
600
283
941
624
452
336
512
717
428
172
692
489
215
550
406
656
917
626
775
228
326
493
366
934
127
506
37
377
440
759
909
970
672
623
1017
488
634
332
605
281
954
679
327
981
552
581
995
635
529
360
23
107
5
905
645
669
612
93
579
365
295
915
480
943
906
531
97
355
847
543
485
535
106
809
802
659
557
92
443
410
745
670
276
622
566
782
639
264
494
167
893
788
939
767
309
904
873
409
793
999
992
875
445
83
79
119
459
280
438
192
524
234
616
549
271
879
739
498
254
421
90
910
30
955
72
442
9
608
998
667
936
1000
1005
973
50
511
157
239
527
695
477
279
846
98
122
396
751
351
304
798
868
777
631
810
703
880
86
514
728
561
947
435
240
750
136
785
1020
187
277
820
708
1002
189
492
42
564
319
522
24
919
807
901
337
836
974
595
426
137
977
439
925
252
28
551
69
39
804
371
204
871
191
662
133
237
929
715
942
931
851
40
968
696
487
402
1011
4
844
933
771
391
718
800
655
225
823
415
166
356
676
310
148
307
988
220
505
763
186
754
65
902
284
797
945
850
819
969
760
547
78
641
816
762
218
731
714
76
516
661
359
457
591
733
993
7
434
116
913
131
632
22
21
789
922
348
627
610
671
222
908
180
649
903
960
144
620
536
441
900
927
588
17
16
874
416
609
381
510
244
765
690
716
27
1007
211
841
926
713
963
363
146
784
944
776
674
502
653
190
112
962
997
870
375
806
840
160
562
821
152
1016
393
353
778
507
680
643
3
592
834
479
96
590
420
401
924
578
638
158
1021
838
451
257
382
58
45
49
582
972
727
448
572
630
55
827
91
199
29
64
752
490
475
322
864
462
835
555
958
184
80
245
299
686
287
882
449
138
499
219
241
292
242
460
932
743
99
828
437
803
513
965
791
200
210
403
458
863
95
407
860
207
43
323
730
282
553
1022
897
154
545
573
221
105
481
259
175
135
183
950
272
329
726
833
188
390
786
400
266
193
796
594
145
419
139
857
372
646
343
540
829
725
996
301
560
994
246
741
227
691
744
293
212
611
311
464
975
334
628
235
455
812
746
15
959
887
888
388
20
470
231
424
614
652
894
147
946
321
2
602
248
544
260
856
85
866
404
597
303
668
35
173
352
792
982
521
124
737
637
877
432
270
842
748
532
128
825
554
556
392
387
896
121
108
181
169
229
123
57
618
546
194
290
171
328
384
633
466
706
898
258
654
878
226
711
339
150
267
1024
577
571
265
576
651
12
67
912
914
317
140
61
269
433
274
347
935
889
394
1018
345
520
854
251
474
682
920
255
1023
761
333
453
364
399
141
701
75
87
256
986
31
178
918
861
430
621
534
709
51
885
985
380
425
837
593
118
830
699
685
314
589
500
940
198
378
71
471
6
525
539
783
740
984
569
707
961
585
395
262
1015
644
232
104
818
286
165
1001
503
907
848
615
151
604
233
306
412
937
203
859
340
418
294
94
515
243
318
773
129
376
70
603
702
47
285
195
1003
869
19
208
813
599
14
278
111
794
155
1009
300
473
660
790
817
467
408
805
563
855
811
613
182
429
10
414
450
683
77
700
68
509
1013
130
125
567
358
742
472
427
170
815
88
822
508
673
971
164
126
710
357
103
916
461
1004
56
824
617
684
732
296
34
447
826
84
598
422
73
724
938
858
719
586
331
749
568
753
386
101
362
413
209
987
565
689
44
526
465
575
694
687
764
491
444
768
291
478
650
677
196
117
177
921
446
185
769
504
497
976
990
883
795
344
54
574
607
66
886
541
316
324
956
115
142
100
923
538
179
349
580
799
876
398
953
892
143
862
342
174
979
517
558
1012
81
766
519
436
518
865
832
373
341
25
675
688
952
980
1008
1
890
486
747
297
849
559
678
808
625
32
298
757
33
423
787
537
312
18
928
397
82
548
389
831
288
606
113
463
663
13
261
681
665
698
38
469
346
629
89
230
263
162
369
596
843
642
213
640
41
26
214
253
161
584
704
201
36
46
664
697
216
770
