213
707
975
608
991
968
577
958
635
675
420
107
609
437
505
661
787
115
80
396
306
489
178
234
164
854
15
201
529
168
202
358
373
276
632
49
487
413
286
775
210
430
34
144
773
161
492
1022
542
4
833
1015
447
321
379
353
218
605
399
22
357
740
676
523
173
998
837
755
314
594
374
537
766
913
875
648
280
691
230
819
275
13
249
122
61
1024
612
698
25
16
921
279
630
109
405
518
19
980
151
896
231
277
307
180
914
814
784
51
473
23
502
977
909
579
259
72
227
990
709
37
427
615
655
666
1
120
936
392
545
378
348
519
646
253
799
898
866
570
400
197
883
209
795
412
919
146
315
685
742
528
10
767
239
942
547
912
477
511
501
535
738
123
830
428
576
363
929
536
419
59
81
283
24
807
589
845
938
317
299
735
223
371
325
847
302
131
251
723
38
678
751
714
953
466
637
715
47
125
525
659
71
323
281
182
448
972
221
287
241
235
186
475
169
583
852
1002
959
250
461
962
145
470
1023
196
199
662
750
869
812
354
643
228
410
564
188
625
726
934
108
312
118
842
211
549
1021
499
322
582
345
170
623
504
311
429
333
331
256
776
316
840
212
128
411
754
864
147
1001
634
431
893
810
562
951
292
55
1012
859
700
319
515
900
1007
130
871
53
566
288
141
444
126
85
372
920
1000
216
850
110
584
156
825
143
273
905
517
116
677
194
95
904
99
818
986
56
631
298
928
14
701
29
540
485
463
943
66
568
7
702
370
206
806
282
349
620
62
786
543
828
538
860
571
481
874
696
204
432
824
114
548
638
781
30
88
101
380
301
343
667
647
521
159
1003
736
512
132
597
611
668
149
385
278
981
593
274
190
785
843
627
601
539
476
999
365
462
408
82
954
861
418
911
979
684
243
940
260
614
494
686
424
621
772
252
588
219
258
931
98
800
245
360
846
970
415
495
618
745
560
524
821
561
551
865
514
788
808
104
425
300
242
670
490
947
563
946
5
877
42
654
1020
815
472
960
337
3
185
381
193
383
867
394
397
135
933
402
641
884
705
889
484
142
11
557
720
713
567
719
890
753
434
78
387
508
600
622
817
895
166
264
650
550
44
565
805
716
76
187
436
205
978
556
309
75
832
69
526
856
728
747
674
6
203
407
827
90
906
474
858
907
930
794
520
689
121
401
569
811
823
106
172
406
414
244
964
41
992
39
102
863
530
984
1010
294
421
262
876
957
304
732
68
270
790
454
923
73
97
926
86
162
509
746
471
27
574
263
558
693
33
393
544
440
113
391
779
809
606
657
148
656
739
692
758
617
885
987
664
628
332
629
575
792
797
880
939
346
534
9
105
682
65
336
633
351
881
660
725
364
1006
741
330
352
175
208
743
592
586
580
915
804
334
272
765
704
697
777
971
236
801
45
265
183
527
513
150
257
591
966
813
138
771
604
468
443
887
699
17
844
296
507
510
217
983
96
240
226
229
533
796
83
695
74
826
58
607
642
891
841
663
578
724
862
761
340
688
780
910
267
94
255
439
927
31
359
703
590
730
248
176
2
335
757
423
882
759
157
585
238
506
996
671
291
329
1011
652
945
285
710
831
465
636
894
195
554
112
868
225
1019
36
384
271
57
165
950
158
266
133
640
624
89
1014
356
134
997
706
35
355
516
433
43
498
480
362
503
451
872
129
902
752
46
261
77
853
32
453
727
386
422
191
224
247
52
994
137
486
220
12
441
177
673
297
595
993
327
760
925
293
153
1008
1017
445
103
184
770
456
839
460
935
488
479
769
26
802
458
649
326
171
969
8
722
602
324
500
117
254
214
596
376
749
136
658
626
174
965
916
375
450
829
731
897
989
269
192
789
613
222
653
694
1009
207
712
763
18
616
344
54
572
339
497
200
284
457
708
338
762
215
681
888
237
388
879
426
835
955
774
20
483
982
87
181
1018
233
268
320
70
398
1016
64
532
63
756
522
834
733
901
679
822
665
917
246
92
944
873
289
976
377
816
48
442
1004
318
672
389
449
79
878
482
680
361
350
28
160
764
711
342
687
152
956
924
857
1005
793
598
961
644
553
645
154
464
599
310
417
328
886
390
435
552
452
232
587
974
40
855
892
820
718
619
438
369
903
849
50
100
717
803
163
963
155
368
179
559
491
469
798
603
838
573
91
546
119
531
836
139
395
734
948
973
782
1013
347
198
941
908
0
295
21
848
581
729
870
366
768
922
404
140
899
783
416
748
737
111
555
67
496
985
409
937
84
690
669
988
851
791
949
995
93
303
952
382
60
721
918
127
305
341
455
493
308
967
459
541
446
313
403
290
610
124
932
167
744
639
778
683
651
189
467
367
