480
416
421
955
125
103
342
474
142
523
808
912
266
811
446
94
977
459
197
472
996
755
512
657
984
427
456
540
419
224
731
175
672
423
529
606
341
694
198
950
905
152
556
652
39
587
938
392
745
205
319
524
645
290
339
626
453
563
919
707
451
305
378
237
526
617
766
685
1002
890
1014
562
408
160
321
515
374
368
491
873
883
256
279
592
615
763
815
628
169
709
438
605
517
547
112
577
323
483
66
449
143
487
136
273
173
959
135
316
527
623
937
531
922
261
259
646
384
868
433
802
975
654
482
1007
878
952
422
516
536
639
278
30
211
957
983
497
733
69
871
145
953
223
1022
364
613
783
477
379
718
877
490
141
216
381
170
14
550
56
836
176
3
735
576
194
915
932
510
390
280
159
816
60
171
501
757
988
985
784
34
655
1019
131
209
73
220
891
464
475
687
116
90
172
580
993
4
44
773
88
43
565
1005
95
963
81
521
113
101
285
394
277
588
940
700
257
1016
924
935
778
917
693
325
612
332
301
410
787
166
856
314
105
906
153
27
162
590
274
875
674
235
214
244
62
32
661
865
372
444
97
207
553
730
641
582
837
500
388
157
631
930
137
818
844
415
834
329
346
64
753
530
258
292
578
41
776
201
607
851
502
78
240
234
418
898
324
690
882
620
156
441
874
15
853
289
630
625
749
328
859
479
725
187
24
826
903
351
61
100
622
642
544
902
33
398
627
50
393
230
892
569
228
555
282
424
911
777
573
823
591
82
0
31
598
377
353
1015
997
192
545
478
789
722
488
126
434
132
395
13
414
686
786
840
522
21
492
164
632
503
5
727
448
896
252
585
242
63
17
193
195
362
921
839
918
407
445
54
439
805
130
120
525
534
925
678
791
681
371
869
450
744
1004
542
48
535
108
801
668
1021
736
572
967
533
760
8
286
771
695
167
9
739
355
12
809
779
583
373
881
758
696
682
928
213
440
637
212
333
927
723
283
720
970
767
863
900
55
842
539
42
317
961
467
308
644
504
899
72
163
752
284
714
225
665
846
127
288
676
239
1017
520
747
554
389
425
180
53
575
741
719
181
151
340
884
936
847
699
830
854
300
841
150
499
404
954
829
144
797
494
291
359
643
336
756
275
409
7
51
376
564
717
629
19
140
370
689
465
326
437
293
543
366
158
819
190
20
38
675
498
473
476
185
189
608
867
820
706
343
835
380
315
338
991
405
796
204
663
653
982
221
732
57
203
174
417
45
420
23
349
121
866
712
206
738
581
281
489
949
344
1001
740
363
186
241
669
904
965
268
161
311
944
574
684
463
780
84
561
354
973
897
870
761
537
267
538
920
347
276
361
680
794
677
711
893
519
238
845
995
635
87
746
471
481
99
894
624
165
458
6
833
769
337
939
790
943
1013
124
782
611
862
358
594
432
46
196
916
638
768
447
593
49
649
966
253
307
1003
106
671
509
528
117
821
800
923
322
177
466
750
989
403
2
191
149
215
998
208
992
1
907
58
428
908
692
901
651
887
265
703
1018
931
470
667
634
397
514
670
813
810
357
754
889
406
304
691
270
455
1010
507
806
879
748
232
909
382
493
249
978
557
781
825
442
302
600
468
541
309
798
218
485
296
751
548
960
804
566
219
980
799
11
247
129
67
610
729
243
331
880
71
885
104
981
109
888
609
401
568
426
619
895
715
979
603
89
462
320
951
484
245
18
183
860
255
199
330
210
551
636
178
914
431
658
850
855
876
25
128
37
793
599
701
76
202
688
297
716
47
133
621
391
22
945
435
111
107
375
1012
264
640
843
976
184
958
75
28
822
77
549
705
310
122
146
828
666
656
495
926
294
123
461
604
616
546
29
134
429
229
148
182
138
1023
673
348
272
872
660
999
910
570
824
765
1011
831
367
518
974
154
913
1006
614
721
430
68
334
217
506
743
946
399
601
115
102
313
956
303
857
807
618
96
179
664
365
369
508
814
596
770
838
647
396
762
511
513
260
650
65
941
452
858
697
848
92
436
236
648
271
962
785
737
188
79
964
91
59
1009
742
861
233
832
788
312
710
986
413
948
335
1020
460
987
356
532
298
795
36
595
947
812
933
559
287
155
318
457
702
411
85
352
119
775
246
496
114
734
659
299
227
698
972
774
1008
589
726
74
886
262
222
295
387
251
662
70
969
759
263
852
402
929
383
704
83
567
226
200
827
400
505
139
386
269
350
772
633
584
93
792
579
597
345
971
724
817
934
558
147
803
764
708
683
486
679
994
10
385
254
602
990
864
728
118
40
942
713
80
168
571
35
454
86
1000
412
250
849
26
248
552
1024
306
586
360
560
52
968
16
110
231
327
443
469
