659
335
830
444
221
803
942
217
1009
584
834
539
244
768
1007
824
615
833
214
345
817
1021
21
561
617
861
488
655
36
612
580
357
1004
223
749
758
194
147
784
356
519
16
860
68
719
589
59
74
162
595
123
421
146
682
2
972
494
820
293
163
757
124
947
714
177
744
355
603
178
453
988
54
445
441
144
279
351
517
233
295
326
42
235
653
564
730
997
149
136
237
90
798
232
695
20
24
787
497
67
395
438
1024
110
236
451
416
654
926
9
868
1022
826
447
813
613
226
120
862
28
935
227
918
978
263
846
507
945
638
975
425
733
915
551
786
772
684
520
943
604
515
999
329
831
463
924
180
656
867
404
130
455
877
526
500
801
788
93
390
125
255
899
818
245
896
690
563
111
812
1011
923
213
783
448
855
779
209
728
916
731
64
621
592
298
331
706
208
493
632
736
710
670
919
513
858
553
271
799
383
397
1
7
35
880
543
284
904
265
681
461
838
108
45
934
936
825
950
105
674
752
91
181
929
230
625
164
141
847
202
439
616
192
152
583
343
781
313
865
657
366
1014
917
253
129
174
272
423
333
562
921
480
56
197
567
254
658
301
305
172
802
888
859
842
514
184
875
114
763
96
327
101
471
743
633
837
436
959
433
797
756
814
117
360
832
642
964
863
646
29
434
464
476
746
459
75
231
993
905
844
751
220
729
748
389
47
185
525
167
661
62
864
726
88
210
73
593
574
986
552
486
555
222
41
157
156
195
970
998
135
648
269
581
957
795
39
458
647
427
611
76
287
974
278
962
913
586
71
12
599
324
118
967
679
465
394
201
409
477
200
946
151
843
760
724
759
836
336
498
902
671
771
361
410
805
960
900
375
204
443
963
939
309
78
479
499
777
472
143
446
634
994
468
737
127
723
976
51
311
17
821
572
796
388
40
188
414
408
698
709
775
387
739
353
569
139
692
496
369
911
48
873
426
122
285
761
579
954
379
300
651
276
234
700
984
187
338
342
885
63
321
557
866
411
643
980
991
711
505
103
641
910
1015
503
531
879
1003
277
546
790
95
133
596
560
602
466
249
470
809
792
716
512
206
347
250
839
378
627
115
107
628
620
31
370
590
34
406
689
5
452
216
938
785
989
669
332
137
901
82
286
640
804
850
33
807
190
314
800
1000
407
973
600
364
717
8
420
626
607
614
328
304
971
198
699
747
955
264
160
930
154
489
14
780
702
86
576
597
559
80
704
554
789
294
119
275
713
44
852
158
0
712
112
418
352
372
483
521
490
302
69
292
949
556
895
432
504
886
742
186
1020
927
417
725
645
243
735
908
1010
211
624
128
754
176
316
536
981
663
618
849
881
413
966
94
944
422
487
878
393
196
745
828
261
1016
937
940
171
392
876
296
660
685
79
307
131
887
720
166
578
368
81
606
382
312
100
457
705
819
727
43
897
856
511
518
38
540
98
652
558
548
37
585
252
527
367
707
664
61
4
827
72
456
467
475
65
239
1008
951
931
822
701
851
225
179
666
582
925
403
182
189
1006
958
173
922
1012
530
280
273
857
649
380
341
310
1002
732
893
909
703
106
623
889
121
840
396
325
933
317
415
104
193
153
533
140
694
845
268
835
203
289
6
308
150
13
673
340
350
430
523
267
995
740
134
502
10
791
510
207
610
354
598
229
870
550
27
522
481
829
419
290
26
667
251
145
371
782
541
318
57
841
680
478
495
566
630
532
303
50
773
549
571
248
155
281
928
662
983
240
315
32
676
440
384
601
952
449
591
594
219
359
450
283
257
688
750
405
524
491
969
19
165
348
437
113
400
990
15
794
391
631
675
262
808
965
547
270
1018
721
474
374
570
398
205
987
778
622
766
469
979
874
377
138
542
683
142
492
577
30
815
509
53
806
650
636
334
906
528
381
323
693
424
738
770
762
985
288
412
399
718
55
291
568
159
485
77
228
218
191
816
266
258
224
764
319
170
435
85
23
753
22
484
256
212
297
349
774
605
501
755
87
883
363
882
691
126
242
516
238
715
402
168
473
609
996
608
330
529
362
644
544
767
932
428
401
575
148
322
60
587
941
1019
629
977
535
161
953
442
853
92
961
588
246
696
49
1001
346
365
508
358
109
892
132
914
907
793
99
299
635
872
241
1023
639
677
871
66
52
282
506
534
665
687
385
722
25
697
70
884
1013
11
183
968
678
376
912
306
538
116
429
769
545
339
898
894
215
668
810
482
948
260
869
565
741
259
891
373
431
686
823
97
175
46
708
454
734
102
890
83
765
956
386
337
903
169
992
320
619
854
672
811
982
18
637
462
89
247
344
3
848
537
84
1005
199
776
58
573
274
1017
460
