566
570
207
95
295
879
827
531
746
192
99
813
964
600
347
614
983
134
307
801
316
444
793
69
510
141
353
701
107
765
451
265
472
377
416
552
871
24
986
557
518
792
480
630
485
0
834
843
447
945
668
398
124
633
546
997
333
356
255
909
454
791
457
766
1024
378
375
101
1005
555
884
663
104
509
929
150
138
118
392
417
476
775
820
55
179
186
707
751
414
168
703
415
640
263
313
727
586
401
484
714
497
46
59
232
1001
803
976
666
1008
512
952
681
421
698
169
184
969
601
658
196
320
352
725
527
931
556
623
1022
954
386
694
582
788
622
782
561
213
692
390
728
688
140
297
598
381
734
180
807
712
771
243
301
875
802
404
486
481
212
189
106
488
71
193
70
624
49
669
564
105
312
785
42
981
942
332
809
314
559
838
83
864
690
194
888
988
498
732
1003
424
98
818
840
39
941
612
1004
135
503
37
453
309
344
372
621
483
724
412
11
53
923
406
365
758
276
293
335
132
458
787
755
651
744
35
869
75
205
185
974
908
418
696
857
342
870
294
687
341
1020
33
201
996
258
25
364
763
222
625
385
679
92
322
617
702
960
152
1019
571
597
841
682
290
266
57
507
522
433
511
574
808
516
60
270
204
525
165
747
738
413
684
881
657
148
530
641
223
874
388
44
302
665
842
568
764
890
854
590
912
970
749
462
495
934
829
440
993
445
85
899
772
885
806
330
753
305
889
133
639
989
664
380
655
1017
202
736
97
396
29
100
537
962
708
448
742
824
502
980
603
208
1018
176
670
602
536
158
609
720
142
893
877
464
383
26
354
866
940
1021
88
654
346
242
560
632
716
862
972
217
178
515
596
851
350
1
77
563
324
686
379
593
245
517
928
306
277
112
173
195
115
973
553
667
897
331
567
130
815
197
460
789
769
963
770
241
456
589
174
513
505
697
943
240
345
528
257
226
748
467
939
145
700
230
405
752
394
319
18
6
32
773
425
529
65
1016
844
905
642
419
334
914
539
868
355
329
368
729
358
61
799
693
8
637
577
149
828
768
315
987
592
584
1006
30
348
671
977
215
581
699
805
289
318
167
156
949
938
93
673
260
66
922
493
429
1011
146
547
514
999
821
109
439
1015
955
478
166
779
359
249
610
965
389
626
872
611
741
895
659
308
604
643
303
407
823
591
794
210
473
220
607
62
299
110
102
349
4
998
292
737
274
436
120
21
296
759
894
163
16
950
957
400
336
371
131
878
540
847
814
937
84
638
127
717
9
628
588
739
902
704
214
229
672
900
367
713
363
1000
261
177
38
15
886
111
10
653
804
430
873
756
86
835
762
715
469
757
351
921
767
455
264
327
861
399
254
19
662
128
543
82
216
959
532
520
87
442
613
927
90
615
387
139
846
994
723
936
494
7
382
786
649
852
114
685
68
648
123
161
901
616
23
925
629
978
1023
227
991
89
774
776
420
944
187
337
153
431
992
43
951
191
575
384
36
144
188
833
28
282
452
64
917
887
733
288
683
298
524
800
31
652
247
903
441
906
171
795
535
183
209
147
826
487
235
492
689
279
22
576
409
549
117
96
825
56
550
705
275
985
50
691
1010
218
181
526
935
892
605
3
761
695
848
393
236
837
817
898
579
129
317
271
573
13
474
244
20
849
291
620
558
572
551
891
635
338
1002
608
428
119
859
971
644
58
446
252
157
422
562
777
920
595
565
182
911
269
910
239
1012
646
273
206
913
743
961
224
811
984
501
946
932
995
740
475
855
585
246
674
108
27
523
676
631
781
647
790
544
449
402
78
52
711
500
437
103
67
310
285
967
731
231
796
262
136
863
858
471
876
311
542
470
72
200
719
865
91
948
1007
656
221
798
660
947
450
339
228
477
810
211
74
323
956
982
81
51
933
867
580
326
198
361
340
521
850
40
489
545
267
14
880
256
506
300
599
750
151
376
745
370
968
958
966
113
627
812
373
357
924
125
491
918
482
143
816
423
459
54
343
369
678
360
583
5
411
286
836
882
284
645
434
426
435
533
443
366
94
594
251
578
1014
283
754
634
915
287
926
538
675
606
268
63
468
203
116
706
721
853
172
466
896
438
160
225
730
1013
250
461
397
709
325
47
677
391
278
718
726
619
410
569
403
175
778
1009
432
822
328
519
12
975
465
860
661
490
34
45
587
680
508
883
304
190
41
499
784
233
219
636
362
930
395
253
783
797
856
2
238
259
79
162
541
408
618
234
830
248
281
845
760
427
321
839
819
919
990
953
155
463
80
710
73
780
374
916
548
272
554
122
907
199
48
17
170
496
831
832
735
121
979
504
159
237
137
722
126
904
479
650
534
280
154
76
