81
159
60
658
277
42
798
347
254
46
890
274
144
210
996
283
628
574
620
214
295
696
516
346
916
180
96
1005
497
26
57
336
155
786
380
273
846
297
110
646
715
322
891
29
125
710
692
62
730
773
291
192
80
345
598
814
714
582
186
222
219
215
581
357
152
349
979
874
13
963
201
185
641
407
12
897
829
253
498
126
852
737
337
48
313
543
568
89
413
683
704
512
69
701
6
978
507
932
698
237
135
893
870
427
117
501
686
240
983
34
88
861
584
353
327
128
985
713
320
915
764
164
450
466
27
857
559
430
585
316
785
73
1015
122
227
794
519
896
391
258
351
557
444
883
960
109
153
661
596
881
690
882
806
7
17
504
1003
551
601
908
79
158
65
545
755
975
556
722
961
82
774
224
540
212
986
838
458
116
817
719
526
169
382
936
296
72
747
531
717
1007
473
317
156
405
736
513
45
561
335
447
518
850
100
780
670
862
654
167
341
994
959
643
621
676
688
853
682
292
370
636
326
191
929
734
889
140
943
130
10
563
1020
836
999
604
560
262
971
293
476
350
807
571
697
127
183
39
61
1017
593
610
276
506
631
608
99
718
440
586
816
990
872
420
926
748
921
235
496
550
689
302
364
242
211
677
860
811
432
579
436
358
457
251
869
645
741
899
94
969
594
508
375
490
31
761
754
924
898
145
459
139
401
241
264
300
941
834
445
706
675
967
944
812
839
644
572
429
281
402
910
44
389
279
249
549
414
564
913
368
788
930
587
452
188
660
639
694
309
800
342
968
909
359
856
52
726
925
393
442
952
23
1014
751
876
693
204
460
745
716
118
928
189
938
270
287
760
887
529
381
779
746
160
87
946
20
269
40
934
515
652
14
1010
826
449
306
752
203
770
649
74
901
483
902
830
154
41
415
28
854
964
455
408
632
659
163
339
138
756
505
21
808
410
855
705
622
633
607
602
666
729
511
724
775
735
323
703
220
454
653
674
797
373
93
912
810
903
305
827
331
419
288
365
85
225
325
651
238
687
54
121
395
828
500
948
600
143
965
397
777
289
97
181
92
387
982
75
951
197
784
684
275
1001
257
355
762
385
363
624
527
634
720
465
236
955
776
30
771
678
845
573
196
114
863
25
35
546
900
592
904
988
403
131
184
1004
742
207
615
833
973
284
532
315
86
879
252
422
428
825
66
1018
570
67
562
1
104
954
520
619
443
499
895
791
166
538
2
725
469
348
271
451
424
945
176
43
378
578
108
728
818
213
709
739
733
433
468
650
195
416
383
470
9
980
488
815
922
671
15
392
250
226
129
464
799
509
976
813
467
474
680
993
583
334
417
299
343
597
182
699
55
851
78
548
664
1021
749
566
411
344
528
809
782
927
50
165
179
940
285
409
884
510
750
462
314
970
914
847
244
386
70
495
711
367
426
304
958
589
840
738
638
588
991
147
5
712
480
603
553
198
792
493
614
743
228
489
374
485
157
266
824
1013
371
700
102
844
340
463
22
668
38
868
332
957
434
328
362
286
1016
3
778
245
873
544
194
268
966
831
150
333
234
330
354
1024
997
842
478
503
36
635
989
484
171
406
376
502
517
612
217
673
435
388
168
113
1009
629
298
577
76
843
260
142
623
377
111
84
437
233
487
606
702
669
18
1006
1019
136
64
769
547
448
981
758
819
576
472
947
618
124
193
972
439
0
491
662
400
605
8
83
757
787
132
51
766
303
308
987
803
888
90
151
248
178
231
835
352
16
917
11
200
53
542
106
648
290
312
691
243
727
804
535
366
208
514
206
878
412
871
905
894
301
525
721
95
479
805
892
162
707
47
567
247
956
823
261
461
77
837
663
647
319
575
801
875
753
877
418
552
481
864
949
369
939
665
1022
880
820
732
404
170
537
626
148
521
482
613
494
175
599
848
134
56
802
307
530
723
329
625
425
920
744
923
935
221
421
453
384
441
569
637
886
768
759
91
731
1008
657
141
906
919
977
595
793
859
555
396
338
37
398
310
534
795
190
477
63
58
533
772
841
885
931
992
456
311
255
962
263
471
1012
446
438
133
539
656
246
865
360
272
394
642
616
708
918
107
265
796
953
1000
101
486
119
984
280
49
937
324
630
655
740
1011
230
536
580
105
790
611
640
821
229
822
103
475
492
294
372
112
849
765
858
216
223
390
68
431
617
832
59
318
137
98
202
115
205
4
907
256
522
763
767
33
667
524
232
609
789
209
423
911
554
591
867
523
161
120
565
239
685
361
866
541
950
173
558
379
174
24
32
146
672
681
1002
187
177
1023
123
679
321
282
942
356
627
590
71
781
199
933
149
259
998
695
974
278
218
995
172
399
267
783
