356
0
175
476
527
291
611
677
602
101
949
976
411
997
978
413
803
856
381
348
613
831
420
797
639
134
130
893
456
417
567
722
273
355
992
84
618
597
815
805
748
225
105
776
137
233
723
222
599
809
622
752
369
928
836
633
358
796
489
40
304
1009
20
247
734
361
280
643
427
630
147
553
435
590
681
345
935
245
32
497
936
341
842
501
932
386
442
239
181
240
623
91
886
244
648
1005
15
80
37
595
957
512
609
56
559
119
31
583
97
913
882
579
637
196
75
6
596
1000
70
1006
438
139
524
152
562
712
555
787
504
144
986
666
444
347
554
275
828
1021
109
669
638
58
122
719
840
878
406
558
67
432
951
990
373
220
733
887
810
902
598
311
394
102
963
950
328
117
891
352
995
459
756
959
22
283
601
365
81
43
114
480
103
349
738
71
588
632
908
745
460
60
898
704
54
200
911
121
216
48
547
266
870
327
533
437
272
614
695
389
297
53
436
802
651
865
473
644
972
807
124
410
653
463
248
312
1014
82
658
26
737
511
269
625
94
262
179
629
258
317
385
407
292
914
29
654
296
761
19
66
581
565
929
580
478
999
302
786
468
178
706
218
270
487
782
965
246
362
388
194
960
313
545
485
973
481
548
924
133
678
685
88
834
518
998
716
817
939
967
934
709
781
108
278
1
977
322
521
408
115
404
210
696
368
922
243
901
253
1024
841
819
829
649
795
72
170
491
318
692
364
971
864
498
799
672
44
131
923
74
143
336
61
300
409
541
106
876
166
751
711
616
447
594
268
615
482
293
634
903
789
985
208
966
556
657
838
874
956
982
492
193
38
542
329
642
724
205
899
470
702
366
412
250
522
996
574
374
743
419
927
1020
589
509
254
36
858
465
792
10
631
675
301
693
426
519
132
942
881
568
303
286
729
572
925
338
474
661
830
994
3
342
370
235
197
425
140
754
1001
242
757
429
255
27
551
138
455
433
418
808
699
620
441
343
154
728
825
265
13
735
110
800
319
309
1017
1015
207
495
330
184
617
85
195
17
158
683
488
811
846
146
946
897
226
188
750
484
812
8
25
380
414
340
279
766
783
801
912
833
656
896
96
822
434
668
698
50
191
314
479
163
775
171
673
759
35
577
198
69
125
794
937
263
869
77
376
104
525
159
926
665
690
849
604
747
798
229
987
59
89
190
674
827
975
174
1023
494
445
1012
818
397
839
879
513
267
431
739
659
740
863
958
428
578
584
835
765
983
684
223
773
904
405
315
777
382
168
231
791
624
76
45
701
679
889
21
892
570
707
47
490
172
202
443
909
688
680
454
212
720
855
377
156
353
259
354
160
585
337
173
591
725
64
157
944
249
357
238
214
606
503
753
257
968
164
360
873
575
51
401
449
564
726
921
600
189
5
142
647
860
237
451
981
852
199
538
885
732
12
228
917
63
974
123
439
768
746
715
700
335
331
378
806
281
289
813
824
332
713
517
219
234
464
450
161
9
933
970
306
537
703
396
176
755
969
1007
136
919
991
727
264
452
820
758
392
507
793
943
251
770
851
165
697
708
535
440
90
65
872
1010
384
593
367
323
393
423
18
961
721
391
710
861
635
467
907
563
916
298
988
552
931
779
346
7
676
605
749
308
287
183
78
326
11
1016
655
153
230
98
662
127
475
767
316
24
221
814
543
938
375
46
472
383
505
560
691
458
534
717
344
2
906
883
910
532
86
1008
848
192
646
486
979
87
571
294
483
557
333
359
586
23
149
778
180
351
145
99
670
324
285
694
282
126
83
837
603
201
506
403
731
57
610
871
531
310
284
14
744
948
508
307
650
514
448
546
764
453
705
1013
305
955
769
424
1003
118
667
213
607
964
95
962
689
112
204
867
400
1018
1019
884
177
772
334
947
399
42
421
544
832
941
390
612
984
1022
859
875
788
894
714
500
515
844
471
550
945
645
868
780
742
636
52
687
215
320
587
236
918
640
261
821
952
162
151
372
660
116
457
877
203
880
816
271
299
100
853
502
148
762
663
290
499
804
350
33
186
641
989
850
277
141
760
224
920
682
993
49
771
339
398
111
128
510
763
241
520
30
823
526
826
843
211
461
940
582
627
252
592
539
930
288
402
120
469
496
626
274
866
718
113
93
915
150
741
953
4
857
784
1004
1011
628
16
890
39
379
536
41
1002
477
566
209
576
416
854
155
395
185
493
107
422
847
523
736
227
62
276
363
321
167
862
530
671
905
55
92
462
790
621
129
135
295
528
529
569
895
371
608
664
774
206
652
730
217
900
549
415
34
540
888
387
446
573
260
980
954
430
785
182
187
28
256
686
79
73
466
516
232
68
325
619
561
169
